-0.1 0 0 0 0 0 0
-0.2 0 0 0 0 0 0
-0.3 0 0 0 0 0 0
-0.4 0 0 0 0 0 0
-0.5 0 0 0 0 0 0
-0.6 0 0 0 0 0 0
-0.7 0 0 0 0 0 0
-0.8 0 0 0 0 0 0
-0.9 0 0 0 0 0 0
-1 0 0 0 0 0 0
21.4563 -2145.63 -2.10931e-12 128738 2145.63 2.10931e-12 1.26841e-08
42.9117 -4291.17 -1.51124e-12 257470 4291.17 1.51124e-12 4.5752e-08
64.366 -6436.6 -1.88383e-12 386196 6436.6 1.88383e-12 -3.23769e-08
85.8192 -8581.92 -2.09743e-12 514915 8581.92 2.09743e-12 -1.88739e-07
107.271 -10727.1 -2.7276e-12 643629 10727.1 2.7276e-12 -1.36706e-07
128.723 -12872.3 -4.11138e-12 772336 12872.3 4.11138e-12 -6.21156e-08
150.173 -15017.3 -2.97717e-12 901037 15017.3 2.97717e-12 2.8191e-07
171.622 -17162.2 -2.01172e-12 1.02973e+06 17162.2 2.01172e-12 -5.59373e-08
193.07 -19307 -3.15215e-12 1.15842e+06 19307 3.15215e-12 2.81724e-07
214.517 -21451.7 -3.7117e-12 1.2871e+06 21451.7 3.7117e-12 -8.70934e-08
235.963 -23596.3 -1.54543e-12 1.41578e+06 23596.3 1.54543e-12 3.22178e-07
257.408 -25740.8 -9.82325e-13 1.54445e+06 25740.8 9.82325e-13 -5.25409e-07
278.813 -27881.3 -2.86526e-12 1.67288e+06 27881.3 2.86526e-12 -2.67488e-07
300.134 -30013.4 1.24167e-12 1.80081e+06 30013.4 -1.24167e-12 1.04635e-07
321.397 -32139.7 -1.66622e-12 1.92838e+06 32139.7 1.66622e-12 7.67378e-07
342.602 -34260.2 -3.37508e-13 2.05561e+06 34260.2 3.37508e-13 -6.41222e-07
363.73 -36373 -3.88312e-12 2.18238e+06 36373 3.88312e-12 -1.56489e-07
384.795 -38479.5 -1.85096e-12 2.30877e+06 38479.5 1.85096e-12 1.81719e-07
405.806 -40580.6 -7.31859e-13 2.43483e+06 40580.6 7.31859e-13 2.05135e-07
426.779 -42677.9 -6.07514e-13 2.56067e+06 42677.9 6.07514e-13 -6.42928e-07
447.719 -44771.9 5.29354e-13 2.68631e+06 44771.9 -5.29354e-13 2.71288e-07
468.614 -46861.4 2.15294e-12 2.81168e+06 46861.4 -2.15294e-12 7.42683e-07
489.472 -48947.2 -1.6982e-12 2.93683e+06 48947.2 1.6982e-12 1.2825e-06
510.291 -51029.1 -8.50875e-12 3.06175e+06 51029.1 8.50875e-12 -7.69608e-07
531.084 -53108.4 -7.10543e-14 3.1865e+06 53108.4 7.10543e-14 -3.85139e-07
551.85 -55185 -4.44089e-12 3.3111e+06 55185 4.44089e-12 4.13779e-07
572.599 -57259.9 4.15312e-12 3.43559e+06 57259.9 -4.15312e-12 -1.33512e-06
593.324 -59332.4 -2.80664e-12 3.55994e+06 59332.4 2.80664e-12 -5.39662e-07
614.038 -61403.8 5.24736e-12 3.68423e+06 61403.8 -5.24736e-12 -2.54336e-08
634.732 -63473.2 -4.91696e-12 3.80839e+06 63473.2 4.91696e-12 -8.82944e-08
655.417 -65541.7 -7.36478e-12 3.9325e+06 65541.7 7.36478e-12 1.20854e-06
676.091 -67609.1 -1.05871e-12 4.05655e+06 67609.1 1.05871e-12 -8.97447e-07
696.757 -69675.7 2.2137e-11 4.18054e+06 69675.7 -2.2137e-11 -1.34824e-06
717.4 -71740 -6.30607e-12 4.3044e+06 71740 6.30607e-12 -6.19891e-08
738.032 -73803.2 3.64508e-12 4.42819e+06 73803.2 -3.64508e-12 -4.09092e-07
758.655 -75865.5 -2.60414e-12 4.55193e+06 75865.5 2.60414e-12 8.07877e-08
779.269 -77926.9 8.87113e-12 4.67562e+06 77926.9 -8.87113e-12 -9.47626e-07
799.87 -79987 7.1978e-12 4.79922e+06 79987 -7.1978e-12 2.70366e-07
820.461 -82046.1 -3.61311e-12 4.92277e+06 82046.1 3.61311e-12 7.82086e-08
841.045 -84104.5 -2.91855e-11 5.04627e+06 84104.5 2.91855e-11 -6.33185e-07
861.621 -86162.1 1.11449e-11 5.16972e+06 86162.1 -1.11449e-11 -5.28971e-07
882.191 -88219.1 2.71427e-11 5.29315e+06 88219.1 -2.71427e-11 -2.01553e-06
902.753 -90275.3 -2.24603e-11 5.41652e+06 90275.3 2.24603e-11 2.13505e-07
923.31 -92331 8.20322e-12 5.53986e+06 92331 -8.20322e-12 1.13695e-06
943.861 -94386.1 8.89244e-12 5.66316e+06 94386.1 -8.89244e-12 1.50325e-06
964.401 -96440.1 3.09228e-11 5.78641e+06 96440.1 -3.09228e-11 -2.0579e-07
984.938 -98493.8 1.32303e-11 5.90963e+06 98493.8 -1.32303e-11 1.19507e-08
1005.47 -100547 1.07363e-11 6.03282e+06 100547 -1.07363e-11 -9.26366e-07
1025.99 -102599 -7.03437e-12 6.15596e+06 102599 7.03437e-12 7.01689e-08
1046.51 -104651 -1.88507e-11 6.27905e+06 104651 1.88507e-11 2.99182e-06
1067.02 -106702 -1.32161e-11 6.4021e+06 106702 1.32161e-11 1.99811e-06
1087.52 -108752 2.19629e-11 6.5251e+06 108752 -2.19629e-11 -2.09519e-06
1108.01 -110801 -1.92983e-11 6.64805e+06 110801 1.92983e-11 -8.02193e-08
1128.49 -112849 -1.62643e-11 6.77094e+06 112849 1.62643e-11 1.84322e-07
1148.96 -114896 -8.15703e-12 6.89378e+06 114896 8.15703e-12 8.5635e-07
1169.42 -116942 6.4162e-12 7.01654e+06 116942 -6.4162e-12 1.56546e-06
1189.87 -118987 4.14246e-12 7.13923e+06 118987 -4.14246e-12 -2.49672e-09
1210.3 -121030 1.87512e-11 7.26179e+06 121030 -1.87512e-11 -1.50913e-06
1230.71 -123071 -4.42597e-11 7.38426e+06 123071 4.42597e-11 5.16744e-07
1251.1 -125110 -4.04796e-11 7.5066e+06 125110 4.04796e-11 5.10957e-07
1271.47 -127147 3.80922e-11 7.62881e+06 127147 -3.80922e-11 -9.69837e-07
1291.81 -129181 6.38067e-11 7.75086e+06 129181 -6.38067e-11 9.04637e-07
1312.12 -131212 -2.00018e-11 7.87272e+06 131212 2.00018e-11 3.95605e-08
1332.4 -133240 2.33129e-11 7.99438e+06 133240 -2.33129e-11 -1.38245e-07
1352.63 -135263 -1.19442e-11 8.1158e+06 135263 1.19442e-11 7.56331e-07
1372.82 -137282 -5.87477e-11 8.23694e+06 137282 5.87477e-11 -2.13811e-06
1392.96 -139296 1.65841e-11 8.35777e+06 139296 -1.65841e-11 -6.71366e-07
1413.04 -141304 2.01581e-11 8.47825e+06 141304 -2.01581e-11 -8.9172e-07
1433.05 -143305 4.97735e-11 8.59833e+06 143305 -4.97735e-11 -1.40678e-06
1452.99 -145299 2.04281e-11 8.71793e+06 145299 -2.04281e-11 8.93017e-07
1472.83 -147283 -3.07665e-12 8.83698e+06 147283 3.07665e-12 1.93749e-07
1492.57 -149257 -5.42286e-11 8.95542e+06 149257 5.42286e-11 -1.04035e-06
1512.19 -151219 4.76916e-11 9.07316e+06 151219 -4.76916e-11 -1.54149e-06
1531.69 -153169 -4.01457e-12 9.19012e+06 153169 4.01457e-12 -1.7381e-06
1551.03 -155103 7.84439e-12 9.30619e+06 155103 -7.84439e-12 -7.59577e-07
1570.21 -157021 6.75797e-11 9.42127e+06 157021 -6.75797e-11 -1.34704e-06
1589.2 -158920 6.84892e-11 9.5352e+06 158920 -6.84892e-11 -4.96319e-07
1607.97 -160797 1.76144e-11 9.64785e+06 160797 -1.76144e-11 -8.826e-07
1626.51 -162651 -2.75975e-11 9.75904e+06 162651 2.75975e-11 1.06006e-06
1644.76 -164476 -5.39941e-11 9.86859e+06 164476 5.39941e-11 2.74538e-06
1662.72 -166272 -1.99236e-11 9.97629e+06 166272 1.99236e-11 6.90721e-07
1680.32 -168032 4.91198e-11 1.00819e+07 168032 -4.91198e-11 -2.29316e-07
1697.54 -169754 -4.60858e-11 1.01852e+07 169754 4.60858e-11 -2.16675e-06
1714.33 -171433 -8.13785e-11 1.0286e+07 171433 8.13785e-11 1.70768e-06
1730.64 -173064 -7.81171e-11 1.03839e+07 173064 7.81171e-11 -6.22303e-07
1746.43 -174643 5.86908e-12 1.04786e+07 174643 -5.86908e-12 8.91269e-07
1761.65 -176165 -2.62119e-11 1.05699e+07 176165 2.62119e-11 -2.87205e-06
1776.25 -177625 1.02858e-10 1.06575e+07 177625 -1.02858e-10 -5.05102e-07
1790.19 -179019 -1.00613e-11 1.07411e+07 179019 1.00613e-11 1.99507e-06
1803.44 -180344 -1.06994e-10 1.08206e+07 180344 1.06994e-10 -1.92535e-06
1815.98 -181598 1.07477e-10 1.08959e+07 181598 -1.07477e-10 2.0952e-06
1827.79 -182779 2.97717e-12 1.09667e+07 182779 -2.97717e-12 -7.83081e-07
1838.89 -183889 -6.58815e-11 1.10333e+07 183889 6.58815e-11 -5.52068e-08
1849.28 -184928 -3.49019e-11 1.10957e+07 184928 3.49019e-11 -1.02226e-06
1859 -185900 1.06581e-12 1.1154e+07 185900 -1.06581e-12 -1.64457e-06
1868.07 -186807 6.88232e-11 1.12084e+07 186807 -6.88232e-11 4.53353e-07
1876.56 -187656 1.38911e-11 1.12594e+07 187656 -1.38911e-11 -6.90093e-06
1884.48 -188448 2.64819e-11 1.13069e+07 188448 -2.64819e-11 -4.72807e-07
1891.93 -189193 8.85336e-12 1.13516e+07 189193 -8.85336e-12 2.13468e-06
1898.9 -189890 1.22711e-11 1.13934e+07 189890 -1.22711e-11 9.80322e-07
1905.41 -190541 1.20792e-12 1.14325e+07 190541 -1.20792e-12 3.93643e-06
1911.53 -191153 -4.7514e-11 1.14692e+07 191153 4.7514e-11 -6.87478e-07
1917.28 -191728 1.42748e-11 1.15037e+07 191728 -1.42748e-11 2.71116e-07
1922.69 -192269 1.2939e-11 1.15361e+07 192269 -1.2939e-11 -4.00526e-06
1927.77 -192777 -1.88294e-12 1.15666e+07 192777 1.88294e-12 -3.23498e-06
1932.61 -193261 6.37854e-11 1.15957e+07 193261 -6.37854e-11 -4.13818e-07
1937.21 -193721 1.68505e-10 1.16232e+07 193721 -1.68505e-10 -3.08607e-06
1941.56 -194156 -3.07665e-11 1.16494e+07 194156 3.07665e-11 4.39262e-06
1945.69 -194569 -1.27102e-10 1.16741e+07 194569 1.27102e-10 9.91478e-07
1949.63 -194963 -2.45819e-10 1.16978e+07 194963 2.45819e-10 2.08585e-06
1953.38 -195338 -1.48155e-10 1.17203e+07 195338 1.48155e-10 -5.03017e-06